..352

1⁷, aszm ts,·52.24,416.421⁵1.19,33 2‘27.15‚150m
10, 354. 172, 9, 482. 11, 483. 18, 181. 17, 277. 282. 294. 18,
275.16,166, 4,6.25 11,11, ⁷³4: 22,,197 2(),324.51(1. -22,
197. 24,510. 23,804..0417,125. ’

*οπι(σ)ῥε(ν), κατ-όπισὲεψ), pauonum-2201), ἐξ·
kameham). Etiam «le temporem* „posten“ „eigentlich v.
dem, wat von hin-ten nachfnlgt, daher zeissieh nuchhar,
in Zukunss.“ Ameis acl Od. 2, 270. —- 11, 2, 542. 5, 595. 8,
342. 11, 178. 1,197. 02125, 167, 10,209. 9, ⁶³⁹? 15, 3488.
22, 92. 6, 307.- 22, 174. 2, 270. 22, 345. ll. 17, 261. -9, 249.
041. 22, 319, 24, 84. 8, 414.ι 11. 4, 362. 6, 526. 041. 22, 55. 40.
1]- 6, 181. 6, SS- 22,334. 041.17,291. ΙΙ.4, 298. 23, 595. S,
332. 041. S, 527. 11,6. 12, 148. 21, 160. 13, 241. 4, 357. 13,
84. 19, 436. 11. 13, 71. 83, 289. 536. 721. 834, 21, 256. 16, 115.
791.806. 19, 397. 18, 155. 22, 396. 23, 346. 21, 129, 23, 726.
763. 9, 504. 11,(113. 15, 672. 645. 11, 545, 397. 14, 4.- 041.
11,63,72. od. ls, 168 17, 66. 11. 17,718. 14, 430. 16,’611.
24, 15. 17,527. 23, 136- 15,694. 17, 468. 17, 718. 723746.
18,·548. 554. 22,157. 15, 7. 14,14, 15, 451. 341.541. 9, 332,
24,111. 20,308. 041.2,270.278. 11.22,119. 24, 4³6, 10, 490.
9, 515. 519. 041, 24, 546. 4, 635. 547. 11, 382. 224. S, 414.
14, 393. 23, 249. 261. 11.12,34.

Ἶγγύβινιν). n. 12, 337,,13,562. 15, 529. 13,574. 5,
72. 04115, 163. 11.24,360. 14, 446. od. 3, 36. 4, 630. 11. 13,
647. 5, 275. 1,219. 041.8,62,267.471. 1111, 398485, 17,
128. 20, 330. 23, 713. 17, 582. 18,16, 381. 041.8, 62, 261.
471. 9, 423, 6, 279. 7, 205. 11. 10,568. 15, ⁷1⁰. 041.17,71.
11. 11,723.22,295.17,.,..554221412(14 mmmm 1⁸,
133. 19,4419. 03,12,183. 354.

’ ·σχ.σόειεν16,8ῑιο.8υ’7, 17, 850. 041. 2,267. 1:22st
15,223. 19, 447. 20, 30.
1„0.=..v11.2,m.1³‚1'⁷a 16, 634 (ἕκαθενύέηγί
ym' πωνή) 041 17, 25.
·ᾶνιυῃι(υ). 11, 23, 376. στὰς πολλὸν Ave-13«. 23, Aa
474241. ’24,1..74208 22, sammaa. 21, 78. 2,27.64.
277558516,ωο643567392.1055411821
’ ’d’ae-dv-umtvz ΙΙ.1,35,43.2, 391.812. 1,549. 4, Μ.

